radix = 10;
coefdata = 
                                    
                         
-0.0000113081090021647               
 0.0000097592043915113547            
 0.000010350518864837396             
 0.0000091231984045192633            
 0.0000042983867112836671            
-0.0000025254118974574468            
-0.0000074092339081891568            
-0.0000068741004729976591            
-0.00000074376471559280997           
 0.0000071339479780238717            
 0.000011083823974203188             
 0.0000075461150215844966            
-0.0000019953081038911859            
-0.000011386594129356333             
-0.000013721147344143869             
-0.0000063267085797091155            
 0.0000066757801521756472            
 0.000016513032469135686             
 0.000015584161653159759             
 0.0000032033867203163497            
-0.000013037576496824231             
-0.000021787448920254858             
-0.00001578872467726628              
 0.0000023505787782445688            
 0.000020889525402456608             
 0.000026448809636328373             
 0.000013544582716776261             
-0.00001058926942837412              
-0.000029705958721131733             
-0.000029491256073562324             
-0.0000080279539017349802            
 0.000021466439626392684             
 0.000038585642518226799             
 0.000029742354979892216             
-0.0000013436838978748689            
-0.000034564815325216917             
-0.000046283160326359357             
-0.000025983605091534412             
 0.000014870971391501426             
 0.000048972219431359176             
 0.000051258145818503061             
 0.000017123207091452004             
-0.000032384557265796022             
-0.00006327493718761212              
-0.000051795350185808541             
-0.0000023494069612172691            
 0.000053128947043135506             
 0.000075591900516279494             
 0.000046156106186695514             
-0.000018651928199592848             
-0.000075675284977025006             
-0.000083653080468203654             
-0.000032822918454043714             
 0.000045521844114133328             
 0.000097903825049776126             
 0.000084996308257846993             
 0.000010722385989070645             
-0.000077046306047548951             
-0.0001170615795721328               
-0.000077189808267706639             
 0.000020469240862234722             
 0.00011109878382752262              
 0.00012991207072290397              
 0.000058156874333349269             
-0.000060115603683283473             
-0.000144597704200276                
-0.00013299516370175596              
-0.000026500870825076295             
 0.00010641300187143562              
 0.00017364150406301516              
 0.00012296587048387175              
-0.000018131994706377331             
-0.00015629620458844468              
-0.00019371796166255768              
-0.000097009067654803857             
 0.000074753254228681612             
 0.00020544322469069731              
 0.00020006867580496849              
 0.000053293740073784847             
-0.00014078469442559249              
-0.00024844997468263515              
-0.00018814147723876471              
 0.000008586119333838779             
 0.00021195847122804814              
 0.00027915028481268487              
 0.00015415704940017328              
-0.00008720170527135253              
-0.00028236227376266486              
-0.00029110004073906845              
-0.000095688614658629004             
 0.00017901171742280508              
 0.00034467861100486217              
 0.00027819198252837616              
 0.000012245649630203718             
-0.00027824265653075722              
-0.00039062305379195439              
-0.00023537563417920019              
 0.000094243806871564177             
 0.00037698256643163336              
 0.00041159621017298608              
 0.00015941672112472754              
-0.00021907227608801785              
-0.00046550738540329065              
-0.00039947916217907085              
-0.000049634447072847716             
 0.00035462618843441112              
 0.00053286460291120585              
 0.00034755734768467306              
-0.000091494444429821451             
-0.00049051940971433128              
-0.00056771048209668974              
-0.00025148735309632811              
 0.00025789713882980273              
 0.00061404680874097982              
 0.00055934496803900923              
 0.00011022942433378932              
-0.00043975206231882638              
-0.0007109210738314712               
-0.00049887346261298995              
 0.000073195797545981425             
 0.00062368372800431133              
 0.00076634633871835501              
 0.00038043097393264619              
-0.00029117380515814083              
-0.00079333058175702696              
-0.00076632037203000134              
-0.00020233947848854772              
 0.0005313062341271833               
 0.00093028509131174103              
 0.00069909183535091289              
-0.000031935339021785524             
-0.00077665600951555233              
-0.0010154266254095955               
-0.00055668664325526636              
 0.00031312206710600293              
 0.0010064411583901023               
 0.0010305404471643497               
 0.0003363531206664611               
-0.00062588889149441042              
-0.0011971991881192415               
-0.00096011889645512718              
-0.000041755763000731101             
 0.00094913482995508472              
 0.0013244185297901494               
 0.00079326411468542469              
-0.00031616872744787681              
-0.0012568017449534471               
-0.0013645092257597825               
-0.00052546571712937381              
 0.00071887860740488469              
 0.0015192793647569979               
 0.0012970183361093377               
 0.00016010944473472606              
-0.0011405144242665262               
-0.0017053561238008291               
-0.0011069632396946063               
 0.00029041385287805735              
 0.0015488089235741406               
 0.0017845693757488155               
 0.00078700229544717321              
-0.00080424977517931098              
-0.0019067451581828028               
-0.001729918441086711                
-0.00033938393139467863              
 0.001350257908247556                
 0.0021747794409133748               
 0.0015206320224823945               
-0.00022267477888587503              
-0.0018890390423050201               
-0.0023136635165995449               
-0.0011449014174733678               
 0.0008742143946083602               
 0.0023747069904580119               
 0.0022875890149183144               
 0.0006022574888096279               
-0.0015786132641502151               
-0.0027574426420446637               
-0.00206754291189414                 
 0.000094564194263707657             
 0.0022885149640246064               
 0.0029866522915261585               
 0.001634562992744524                
-0.00091850480942589231              
-0.0029476906201831637               
-0.0030145986478576085               
-0.0009827063933467784               
 0.0018279298063453259               
 0.0034937121570915884               
 0.0028002434979103809               
 0.00012144200580436473              
-0.0027673365258451942               
-0.003861352968811513                
-0.0023130542834033695               
 0.00092270023838153623              
 0.0036690236270976329               
 0.0039864624652880924               
 0.0015364973637929504               
-0.0021053997491778187               
-0.0044556193921429007               
-0.0038100761462144103               
-0.00047095121913504805              
 0.0033647670303859067               
 0.0050432813383716225               
 0.003282404078605299                
-0.00086417751529213919              
-0.0046224849249977915               
-0.0053452379905273469               
-0.0023663587607711204               
