radix = 10;
coefdata =  

                                    
                          
-0.0086184942846892192               
 0.00019116119610270571              
 0.00019015048887740041              
 0.00019123192900470133              
 0.00019228865132244963              
 0.00019543378543330006              
 0.00019848462558606783              
 0.00020354620986583541              
 0.00020848080794430048              
 0.00021537008885879651              
 0.0002220803393863293               
 0.00023067190614072842              
 0.00023902328034315981              
 0.00024918493678485754              
 0.0002590576632243817               
 0.00027067494723196327              
 0.00028195306984686933              
 0.00029487432834299221              
 0.00030738819329811755              
 0.00032150900010903018              
 0.00034188735087911475              
 0.00034411342342821789              
 0.00036141056967912456              
 0.0003793167942915121               
 0.00039595877553803491              
 0.00041342917638893979              
 0.00042987708913081943              
 0.00044729587243648103              
 0.00046375661760709661              
 0.00048122428115474937              
 0.00049775448534116092              
 0.00051527330356032804              
 0.00053182414362181428              
 0.0005492921048859279               
 0.00056572211552863468              
 0.0005829762990295171               
 0.00059911831762168508              
 0.00061600499662846191              
 0.00063168862168917761              
 0.00064796615778676958              
 0.00066183498760811685              
 0.00068057649425557615              
 0.00069288508832190607              
 0.00070663506377138634              
 0.00071954865101189758              
 0.00073302801530654785              
 0.00074503755663288783              
 0.0007572004938829445               
 0.00076768816511934082              
 0.00077813353626031249              
 0.00078680471314197462              
 0.00079532865623686833              
 0.00080203912062747421              
 0.00080853096562139883              
 0.00081317735633136025              
 0.00081751885712915556              
 0.00081996458535902109              
 0.00082200128445922803              
 0.00082211371017584974              
 0.00082175577548325787              
 0.00081972073366023621              
 0.00081553492844433154              
 0.00081177642588292458              
 0.0008063118753277327               
 0.00079838353776576394              
 0.00078968694885202945              
 0.0007790063683105232               
 0.00076761445163004392              
 0.00075416838302486827              
 0.00073990817979720583              
 0.0007235078308684955               
 0.00070618794442859137              
 0.00068667859408473066              
 0.00066619364303639045              
 0.00064352855418870966              
 0.00061988183535303942              
 0.00059409507264793042              
 0.00056733115075580445              
 0.00053844642629257734              
 0.00050857607265526739              
 0.00047655729656290689              
 0.00044424866989694473              
 0.00040857989650745948              
 0.00037287525506738382              
 0.00033538076717988183              
 0.00029682262655477028              
 0.00025623881306592773              
 0.00021472217087539075              
 0.00017142454270134902              
 0.00012730746819364716              
 0.000081561904139283367             
 0.000035064361915651543             
-0.000012959352897551346             
-0.000061695612126957261             
-0.00011186360865627493              
-0.00016268770320727183              
-0.00021481044825516493              
-0.00026748750452916872              
-0.00032128185307603828              
-0.00037551606578630631              
-0.00043068830909194326              
-0.00048648340141423281              
-0.00054226307738074186              
-0.00059896510202384762              
-0.00065622340061425796              
-0.00071332010633561038              
-0.0007707172812847999               
-0.00082804467246504719              
-0.00088562798606244171              
-0.00094297937270850993              
-0.0010003742138483557               
-0.0010573288754832828               
-0.0011140820668289007               
-0.0011701909062193996               
-0.0012258723267730628               
-0.0012807350568012424               
-0.0013349712384853017               
-0.0013882245906169689               
-0.0014406463998793227               
-0.0014918802008611863               
-0.0015420379347054671               
-0.0015906740019821265               
-0.0016384730236699823               
-0.0016841039587763458               
-0.0017283368946336662               
-0.0017709600968930286               
-0.0018118155830086063               
-0.0018505833697153619               
-0.0018872936610487365               
-0.0019218143830441112               
-0.0019540886454029061               
-0.001984027519259665                
-0.0020115055627092085               
-0.0020364604109544817               
-0.0020587115094678555               
-0.0020782353740310833               
-0.0020948176641521453               
-0.0021084936891592977               
-0.0021190256765161722               
-0.0021265169787989622               
-0.0021306805199339945               
-0.0021316926687783054               
-0.0021288986113740726               
-0.0021231896489819907               
-0.0021135675792419723               
-0.0021003204785037186               
-0.0020832537944387251               
-0.002062666958683265                
-0.0020380527254756199               
-0.0020096676866318769               
-0.0019771118067388139               
-0.001940676898464228                
-0.0018999824176867573               
-0.0018553487234596981               
-0.0018063842930299851               
-0.0017534229850405345               
-0.0016960501531001621               
-0.0016346103815890901               
-0.0015686781590526309               
-0.0014986190516912586               
-0.0014240327526228568               
-0.001345306708668597                
-0.0012622025577931056               
-0.0011746470163365233               
-0.001082778031520645                
-0.00098686966532920972              
-0.00088634700503059313              
-0.00078167307085896288              
-0.00067257168482030318              
-0.00055949826047268884              
-0.00044200720148466696              
-0.00032060723173466671              
-0.00019483521851641587              
-0.000065247866860003098             
 0.000068611987004005975             
 0.00020614547607517193              
 0.00034780866167869948              
 0.00049297653015258243              
 0.00064212114625759008              
 0.00079460320741031251              
 0.00095092604492223384              
 0.0011104195539604917               
 0.0012736496338777471               
 0.0014395990562443752               
 0.0016092122811147032               
 0.0017815672417783226               
 0.0019570339836334164               
 0.0021349472095928846               
 0.0023159302020250632               
 0.0024991681862528642               
 0.0026851091287845201               
 0.0028730217854023967               
 0.0030633396748738087               
 0.0032553587173614817               
 0.0034495015256654953               
 0.0036450688740119275               
 0.0038424605778441048               
 0.0040409701959484342               
 0.0042409679017268546               
 0.0044417469365309395               
 0.0046436512781317116               
 0.0048460067401275954               
 0.0050491285738355311               
 0.0052525490834312502               
 0.0054562176553583554               
 0.0056597102781309507               
 0.0058633906026246815               
 0.0060665206351648389               
